30 60
17 29 19 16 29 13 6 12 19 5 11 14 10 9 28 8 28 11 24 12 21 27 17 21 25 19 9 8 11 26 23 21 5 12 9 16 20 4 28 15 5 27 5 15 18 23 24 19 14 13 8 26 22 9 6 10 5 24 19 25 
7 14 26 9 21 4 25 8 16 25 17 21 17 9 19 17 24 27 15 14 3 17 3 4 21 17 28 8 29 13 18 15 5 13 5 22 29 6 9 20 3 14 25 15 27 24 21 14 5 6 29 20 8 13 9 27 23 24 24 18 
13 9 11 9 29 11 6 25 11 13 29 19 15 19 10 4 6 8 28 27 16 5 27 18 17 29 28 14 5 15 26 28 23 19 27 11 12 5 27 11 25 17 6 20 5 6 4 21 14 26 7 5 8 7 9 21 27 9 15 25 
22 12 29 4 15 23 18 11 13 11 5 19 27 22 17 21 3 5 28 13 29 5 11 12 29 14 25 23 13 12 17 22 15 23 7 8 12 22 18 9 16 24 22 29 26 12 15 6 9 8 5 29 17 11 13 25 9 27 19 10 
20 17 22 14 23 11 27 22 16 12 5 18 29 24 27 23 13 29 5 5 10 3 6 15 14 6 11 24 7 5 23 21 4 11 29 23 11 29 27 7 17 3 12 18 3 10 10 4 20 28 10 28 27 27 7 20 14 24 20 20 
26 12 22 21 17 28 8 28 19 11 16 27 13 3 23 6 28 25 4 4 7 25 24 19 7 5 6 7 20 16 29 4 11 6 27 13 26 19 11 8 23 4 3 22 24 11 26 23 23 3 28 13 24 13 25 16 6 29 4 4 
3 14 25 20 5 8 24 9 3 20 21 29 23 24 13 27 22 26 11 8 25 26 6 23 26 10 20 16 29 15 15 11 21 20 10 20 11 4 15 26 10 8 11 25 23 29 27 5 29 16 26 25 20 9 7 10 10 5 23 9 
10 3 12 29 21 20 17 10 26 23 26 19 20 20 6 8 17 13 22 29 4 5 26 26 25 25 8 8 25 27 23 22 11 16 8 7 13 5 10 24 13 26 22 9 8 16 22 27 13 12 22 8 16 14 21 17 4 27 12 9 
28 25 3 7 15 5 9 7 16 17 19 11 20 7 18 29 14 7 19 20 25 28 22 19 11 25 16 21 15 8 15 4 12 23 5 4 29 10 8 8 15 4 7 4 25 23 5 15 6 16 11 19 28 5 27 8 29 13 13 11 
18 21 9 9 22 9 10 6 13 13 27 4 7 16 12 26 9 18 24 22 18 27 4 15 20 11 28 17 3 15 5 14 18 21 13 5 28 25 24 23 14 9 23 10 15 19 22 8 17 23 18 29 23 28 26 9 7 8 12 5 
24 7 10 9 24 8 11 26 9 23 7 7 12 13 7 24 19 20 20 23 24 25 27 4 26 21 8 6 25 12 13 18 23 17 20 19 15 11 27 5 3 13 26 28 14 14 23 19 21 4 8 26 23 20 9 4 14 4 6 27 
19 28 24 12 24 13 15 29 14 14 17 21 22 7 21 25 18 10 27 6 29 21 22 13 17 6 23 4 6 17 3 5 22 19 8 19 15 15 13 21 27 25 4 10 7 24 3 25 26 9 18 20 29 13 12 17 22 7 6 18 
17 3 8 18 7 11 15 28 24 17 10 3 9 4 14 18 6 16 4 20 20 8 29 14 26 24 17 10 17 29 23 17 6 21 28 23 25 9 19 3 21 13 20 7 7 12 15 15 8 20 20 26 5 6 4 27 24 12 3 4 
29 6 3 13 25 5 17 14 29 6 14 20 28 18 14 21 22 27 22 16 3 23 29 18 14 21 28 9 22 10 27 14 22 10 6 27 20 5 7 22 27 8 7 22 11 14 12 17 5 15 26 14 27 19 17 29 13 24 7 12 
28 7 19 18 17 28 24 11 10 3 24 13 17 7 19 8 12 27 8 24 21 16 24 4 10 6 22 10 15 15 8 9 25 29 15 3 25 5 8 3 16 3 8 4 4 28 16 23 18 13 23 20 17 12 26 7 27 20 28 27 
7 3 16 21 5 9 5 14 27 13 20 12 3 23 25 9 24 10 20 29 18 17 5 3 8 28 5 14 9 27 10 28 20 16 6 27 19 9 7 15 15 23 27 18 15 15 27 18 29 23 5 13 23 4 25 18 13 10 7 10 
28 8 22 8 18 8 4 18 16 18 7 21 11 25 25 9 4 23 22 21 25 25 26 21 23 28 20 15 14 11 13 26 6 9 18 25 18 5 21 21 21 19 6 10 21 11 27 15 13 27 22 11 9 14 20 19 3 28 9 19 
17 6 4 14 9 22 24 13 22 21 3 13 6 16 23 10 21 16 25 11 6 28 10 15 8 20 29 22 4 22 23 8 15 26 4 12 26 23 20 7 5 29 27 3 16 20 3 15 4 20 4 4 13 14 11 10 15 8 26 13 
12 4 17 3 24 23 27 23 18 12 22 12 7 3 22 15 17 12 10 13 20 28 19 3 8 14 24 26 13 16 7 8 25 3 28 11 23 12 8 5 12 10 23 3 23 24 28 18 12 29 22 19 12 11 7 18 17 17 12 21 
16 17 24 3 9 12 3 26 5 5 3 4 7 12 3 25 18 6 4 26 22 24 29 17 5 7 20 10 15 7 6 14 29 16 8 16 24 15 22 15 15 9 17 3 28 25 27 15 25 6 28 28 19 25 25 20 24 16 21 12 
12 9 15 18 13 15 17 16 10 6 27 16 28 3 24 7 25 11 27 14 27 16 13 17 28 16 8 18 9 13 16 8 7 18 12 12 3 15 11 28 27 16 11 6 12 29 18 3 3 17 21 27 17 4 23 5 29 16 8 25 
15 19 3 10 28 23 22 8 21 29 7 8 12 3 20 5 9 3 16 10 16 10 28 18 26 18 7 9 24 15 9 4 20 18 21 16 15 10 10 8 26 25 8 11 22 14 17 13 7 6 28 21 13 13 13 24 21 8 28 18 
17 26 23 9 9 20 4 5 7 14 23 18 10 14 23 29 15 3 3 7 15 24 26 7 25 20 3 8 3 20 24 18 18 13 26 23 11 20 7 8 28 13 18 27 20 3 23 12 12 23 20 28 6 21 26 19 24 25 3 18 
11 8 20 4 25 25 23 29 29 12 6 20 22 23 21 11 16 29 19 10 22 19 14 25 17 14 6 5 8 8 23 21 13 20 7 29 27 17 26 4 13 6 3 11 24 6 22 9 15 16 5 14 12 3 23 8 17 9 28 12 
22 17 11 10 8 6 16 13 13 12 24 15 7 18 7 10 7 16 12 3 10 25 8 9 5 19 22 27 3 8 5 13 29 24 27 11 9 5 27 23 21 3 15 11 25 5 27 11 10 21 24 8 9 5 14 9 16 14 8 27 
3 9 21 17 16 12 3 4 19 17 26 10 24 12 21 8 26 25 7 10 26 6 28 12 7 16 9 12 5 7 9 10 21 29 28 5 13 9 24 26 27 28 8 28 27 4 15 16 18 3 19 14 16 11 19 9 16 9 15 28 
11 27 14 6 17 6 25 3 18 26 28 19 22 24 22 17 6 22 15 27 23 22 13 17 4 29 20 27 24 8 17 14 5 3 26 21 6 22 24 9 18 11 8 19 21 23 15 17 23 5 10 3 16 8 13 25 7 13 25 3 
12 29 6 7 7 10 19 10 4 4 6 23 21 11 29 6 25 3 15 8 4 5 10 24 6 11 25 23 7 29 19 13 23 23 20 19 15 12 12 22 27 26 8 22 13 27 26 28 29 5 25 9 3 4 27 8 16 27 14 14 
22 19 28 28 23 8 14 29 23 24 29 23 16 26 20 21 21 9 6 10 15 28 15 6 29 11 23 8 29 17 22 10 10 13 22 22 12 25 24 14 27 18 7 22 7 5 11 10 20 22 24 15 18 8 11 4 14 12 28 16 
17 5 3 4 22 21 13 13 24 19 11 7 20 28 23 11 16 10 24 28 27 7 11 25 16 16 21 3 17 4 22 27 3 8 5 17 17 7 14 8 6 25 28 9 28 18 3 12 27 16 20 8 10 21 21 9 28 11 25 22 
2 14 6 12 5 23 12 35 12 16 31 5 12 32 12 15 12 12 5 12 1 2 32 21 42 15 12 32 35 18 19 6 2 19 27 29 35 14 29 27 19 3 15 28 28 4 35 37 15 16 3 21 23 13 1 23 4 28 17 9 
2 14 6 12 5 23 12 35 12 16 31 5 12 32 12 15 12 12 5 12 1 2 32 21 42 15 12 32 35 18 19 6 2 19 27 29 35 14 29 27 19 3 15 28 28 4 35 37 15 16 3 21 23 13 1 23 4 28 17 9 
2 14 6 12 5 23 12 35 12 16 31 5 12 32 12 15 12 12 5 12 1 2 32 21 42 15 12 32 35 18 19 6 2 19 27 29 35 14 29 27 19 3 15 28 28 4 35 37 15 16 3 21 23 13 1 23 4 28 17 9 
2 14 6 12 5 23 12 35 12 16 31 5 12 32 12 15 12 12 5 12 1 2 32 21 42 15 12 32 35 18 19 6 2 19 27 29 35 14 29 27 19 3 15 28 28 4 35 37 15 16 3 21 23 13 1 23 4 28 17 9 
2 14 6 12 5 23 12 35 12 16 31 5 12 32 12 15 12 12 5 12 1 2 32 21 42 15 12 32 35 18 19 6 2 19 27 29 35 14 29 27 19 3 15 28 28 4 35 37 15 16 3 21 23 13 1 23 4 28 17 9 
2 14 6 12 5 23 12 35 12 16 31 5 12 32 12 15 12 12 5 12 1 2 32 21 42 15 12 32 35 18 19 6 2 19 27 29 35 14 29 27 19 3 15 28 28 4 35 37 15 16 3 21 23 13 1 23 4 28 17 9 
2 14 6 12 5 23 12 35 12 16 31 5 12 32 12 15 12 12 5 12 1 2 32 21 42 15 12 32 35 18 19 6 2 19 27 29 35 14 29 27 19 3 15 28 28 4 35 37 15 16 3 21 23 13 1 23 4 28 17 9 
2 14 6 12 5 23 12 35 12 16 31 5 12 32 12 15 12 12 5 12 1 2 32 21 42 15 12 32 35 18 19 6 2 19 27 29 35 14 29 27 19 3 15 28 28 4 35 37 15 16 3 21 23 13 1 23 4 28 17 9 
2 14 6 12 5 23 12 35 12 16 31 5 12 32 12 15 12 12 5 12 1 2 32 21 42 15 12 32 35 18 19 6 2 19 27 29 35 14 29 27 19 3 15 28 28 4 35 37 15 16 3 21 23 13 1 23 4 28 17 9 
2 14 6 12 5 23 12 35 12 16 31 5 12 32 12 15 12 12 5 12 1 2 32 21 42 15 12 32 35 18 19 6 2 19 27 29 35 14 29 27 19 3 15 28 28 4 35 37 15 16 3 21 23 13 1 23 4 28 17 9 
2 14 6 12 5 23 12 35 12 16 31 5 12 32 12 15 12 12 5 12 1 2 32 21 42 15 12 32 35 18 19 6 2 19 27 29 35 14 29 27 19 3 15 28 28 4 35 37 15 16 3 21 23 13 1 23 4 28 17 9 
2 14 6 12 5 23 12 35 12 16 31 5 12 32 12 15 12 12 5 12 1 2 32 21 42 15 12 32 35 18 19 6 2 19 27 29 35 14 29 27 19 3 15 28 28 4 35 37 15 16 3 21 23 13 1 23 4 28 17 9 
2 14 6 12 5 23 12 35 12 16 31 5 12 32 12 15 12 12 5 12 1 2 32 21 42 15 12 32 35 18 19 6 2 19 27 29 35 14 29 27 19 3 15 28 28 4 35 37 15 16 3 21 23 13 1 23 4 28 17 9 
2 14 6 12 5 23 12 35 12 16 31 5 12 32 12 15 12 12 5 12 1 2 32 21 42 15 12 32 35 18 19 6 2 19 27 29 35 14 29 27 19 3 15 28 28 4 35 37 15 16 3 21 23 13 1 23 4 28 17 9 
2 14 6 12 5 23 12 35 12 16 31 5 12 32 12 15 12 12 5 12 1 2 32 21 42 15 12 32 35 18 19 6 2 19 27 29 35 14 29 27 19 3 15 28 28 4 35 37 15 16 3 21 23 13 1 23 4 28 17 9 
2 14 6 12 5 23 12 35 12 16 31 5 12 32 12 15 12 12 5 12 1 2 32 21 42 15 12 32 35 18 19 6 2 19 27 29 35 14 29 27 19 3 15 28 28 4 35 37 15 16 3 21 23 13 1 23 4 28 17 9 
2 14 6 12 5 23 12 35 12 16 31 5 12 32 12 15 12 12 5 12 1 2 32 21 42 15 12 32 35 18 19 6 2 19 27 29 35 14 29 27 19 3 15 28 28 4 35 37 15 16 3 21 23 13 1 23 4 28 17 9 
2 14 6 12 5 23 12 35 12 16 31 5 12 32 12 15 12 12 5 12 1 2 32 21 42 15 12 32 35 18 19 6 2 19 27 29 35 14 29 27 19 3 15 28 28 4 35 37 15 16 3 21 23 13 1 23 4 28 17 9 
2 14 6 12 5 23 12 35 12 16 31 5 12 32 12 15 12 12 5 12 1 2 32 21 42 15 12 32 35 18 19 6 2 19 27 29 35 14 29 27 19 3 15 28 28 4 35 37 15 16 3 21 23 13 1 23 4 28 17 9 
2 14 6 12 5 23 12 35 12 16 31 5 12 32 12 15 12 12 5 12 1 2 32 21 42 15 12 32 35 18 19 6 2 19 27 29 35 14 29 27 19 3 15 28 28 4 35 37 15 16 3 21 23 13 1 23 4 28 17 9 
2 14 6 12 5 23 12 35 12 16 31 5 12 32 12 15 12 12 5 12 1 2 32 21 42 15 12 32 35 18 19 6 2 19 27 29 35 14 29 27 19 3 15 28 28 4 35 37 15 16 3 21 23 13 1 23 4 28 17 9 
2 14 6 12 5 23 12 35 12 16 31 5 12 32 12 15 12 12 5 12 1 2 32 21 42 15 12 32 35 18 19 6 2 19 27 29 35 14 29 27 19 3 15 28 28 4 35 37 15 16 3 21 23 13 1 23 4 28 17 9 
2 14 6 12 5 23 12 35 12 16 31 5 12 32 12 15 12 12 5 12 1 2 32 21 42 15 12 32 35 18 19 6 2 19 27 29 35 14 29 27 19 3 15 28 28 4 35 37 15 16 3 21 23 13 1 23 4 28 17 9 
2 14 6 12 5 23 12 35 12 16 31 5 12 32 12 15 12 12 5 12 1 2 32 21 42 15 12 32 35 18 19 6 2 19 27 29 35 14 29 27 19 3 15 28 28 4 35 37 15 16 3 21 23 13 1 23 4 28 17 9 
2 14 6 12 5 23 12 35 12 16 31 5 12 32 12 15 12 12 5 12 1 2 32 21 42 15 12 32 35 18 19 6 2 19 27 29 35 14 29 27 19 3 15 28 28 4 35 37 15 16 3 21 23 13 1 23 4 28 17 9 
2 14 6 12 5 23 12 35 12 16 31 5 12 32 12 15 12 12 5 12 1 2 32 21 42 15 12 32 35 18 19 6 2 19 27 29 35 14 29 27 19 3 15 28 28 4 35 37 15 16 3 21 23 13 1 23 4 28 17 9 
2 14 6 12 5 23 12 35 12 16 31 5 12 32 12 15 12 12 5 12 1 2 32 21 42 15 12 32 35 18 19 6 2 19 27 29 35 14 29 27 19 3 15 28 28 4 35 37 15 16 3 21 23 13 1 23 4 28 17 9 
2 14 6 12 5 23 12 35 12 16 31 5 12 32 12 15 12 12 5 12 1 2 32 21 42 15 12 32 35 18 19 6 2 19 27 29 35 14 29 27 19 3 15 28 28 4 35 37 15 16 3 21 23 13 1 23 4 28 17 9 
2 14 6 12 5 23 12 35 12 16 31 5 12 32 12 15 12 12 5 12 1 2 32 21 42 15 12 32 35 18 19 6 2 19 27 29 35 14 29 27 19 3 15 28 28 4 35 37 15 16 3 21 23 13 1 23 4 28 17 9 
2 14 6 12 5 23 12 35 12 16 31 5 12 32 12 15 12 12 5 12 1 2 32 21 42 15 12 32 35 18 19 6 2 19 27 29 35 14 29 27 19 3 15 28 28 4 35 37 15 16 3 21 23 13 1 23 4 28 17 9
101 25 59 79 91 22 38 15 35 15 12 68 17 15 12 51 15 245 12 54 12 18 29 65 32 12 45 21 35 12 







